7.862805786132812500e+02 1.366099700927734375e+02
7.404329223632812500e+02 1.334973449707031250e+02
6.760855102539062500e+02 1.385742492675781250e+02
6.278602294921875000e+02 1.211959762573242188e+02
5.732001953125000000e+02 1.196077041625976562e+02
4.810526123046875000e+02 1.335463867187500000e+02
4.827387390136718750e+02 1.871335754394531250e+02
4.693670349121093750e+02 2.082992401123046875e+02
4.712601928710937500e+02 2.804597167968750000e+02
4.663658142089843750e+02 3.474890747070312500e+02
4.963598327636718750e+02 4.025991516113281250e+02
5.689473266601562500e+02 4.106875000000000000e+02
6.216600341796875000e+02 3.990326232910156250e+02
7.039379272460937500e+02 4.163447265625000000e+02
7.795772705078125000e+02 4.175593566894531250e+02
7.931519165039062500e+02 3.140590209960937500e+02
8.006080322265625000e+02 2.138890075683593750e+02
7.217922363281250000e+02 2.706217651367187500e+02
6.423845825195312500e+02 2.523277435302734375e+02
5.854735717773437500e+02 2.422053375244140625e+02
4.199696350097656250e+02 6.520128173828125000e+02
4.445990600585937500e+02 7.446883544921875000e+02
4.367958068847656250e+02 7.870407104492187500e+02
4.284894409179687500e+02 8.758317260742187500e+02
4.523387145996093750e+02 9.481577758789062500e+02
5.782233276367187500e+02 9.499414062500000000e+02
5.564389038085937500e+02 8.631872558593750000e+02
5.720213012695312500e+02 7.882084960937500000e+02
5.760538330078125000e+02 6.921483154296875000e+02
5.948602905273437500e+02 5.978118286132812500e+02
1.235889648437500000e+03 5.605065917968750000e+02
1.238178222656250000e+03 6.380105590820312500e+02
1.215233032226562500e+03 7.275645141601562500e+02
1.246609008789062500e+03 8.231123046875000000e+02
1.250761108398437500e+03 8.989343261718750000e+02
1.152680175781250000e+03 9.086392211914062500e+02
1.069218139648437500e+03 9.171938476562500000e+02
1.007531677246093750e+03 9.035745849609375000e+02
9.158869018554687500e+02 9.288887939453125000e+02
7.821213378906250000e+02 9.143454589843750000e+02
7.972642211914062500e+02 8.693233642578125000e+02
7.964354248046875000e+02 7.629006347656250000e+02
8.092461547851562500e+02 7.107617187500000000e+02
8.122768554687500000e+02 6.150020141601562500e+02
8.155236816406250000e+02 5.552911376953125000e+02
8.705529785156250000e+02 5.372738647460937500e+02
9.456140136718750000e+02 5.607994384765625000e+02
1.037907348632812500e+03 5.674923095703125000e+02
1.016294616699218750e+03 6.832286376953125000e+02
1.009256530761718750e+03 7.396389770507812500e+02
1.218564575195312500e+03 4.509407043457031250e+02
1.155850097656250000e+03 4.304302978515625000e+02
1.055362548828125000e+03 4.253946533203125000e+02
9.816787719726562500e+02 4.184281616210937500e+02
9.308815917968750000e+02 4.293591308593750000e+02
9.174960937500000000e+02 3.351527099609375000e+02
9.246862792968750000e+02 2.883033752441406250e+02
9.094449462890625000e+02 2.141513214111328125e+02
9.251667480468750000e+02 1.041002426147460938e+02
1.013810668945312500e+03 1.352001342773437500e+02
1.099150146484375000e+03 1.457770080566406250e+02
1.182533447265625000e+03 1.393209075927734375e+02
1.291724121093750000e+03 1.352040557861328125e+02
1.242239990234375000e+03 2.302425842285156250e+02
1.268483398437500000e+03 3.027690734863281250e+02
1.261592651367187500e+03 3.721039733886718750e+02
1.187646728515625000e+03 2.241821136474609375e+02
1.093908691406250000e+03 2.386606445312500000e+02
1.016892456054687500e+03 2.416623535156250000e+02
1.017615966796875000e+03 3.171020507812500000e+02
1.428294921875000000e+03 1.378528137207031250e+02
1.436841918945312500e+03 2.013071746826171875e+02
1.437672241210937500e+03 2.619376525878906250e+02
1.438738525390625000e+03 3.811683959960937500e+02
1.443987670898437500e+03 4.465533752441406250e+02
1.598737548828125000e+03 5.355154418945312500e+02
1.702172851562500000e+03 5.898690795898437500e+02
1.747350219726562500e+03 6.701396484375000000e+02
1.742116577148437500e+03 7.821055908203125000e+02
1.676788818359375000e+03 8.449743652343750000e+02
1.555238403320312500e+03 8.870556640625000000e+02
1.481332397460937500e+03 8.382998657226562500e+02
1.416636596679687500e+03 7.689403686523437500e+02
1.468731567382812500e+03 6.470361938476562500e+02
1.501456542968750000e+03 5.900012207031250000e+02
1.853835571289062500e+03 9.393078613281250000e+01
1.759041870117187500e+03 9.420572662353515625e+01
1.692474243164062500e+03 8.529270172119140625e+01
1.600338134765625000e+03 7.957682800292968750e+01
1.630051757812500000e+03 1.844881744384765625e+02
1.629914184570312500e+03 2.405559082031250000e+02
1.652842651367187500e+03 2.987814331054687500e+02
1.649804565429687500e+03 3.797545166015625000e+02
1.674048095703125000e+03 4.156949462890625000e+02
1.776180419921875000e+03 3.998751220703125000e+02
1.797262451171875000e+03 5.333359375000000000e+02
1.847309204101562500e+03 6.199192504882812500e+02
1.841643188476562500e+03 7.442788696289062500e+02
1.863311523437500000e+03 8.428007202148437500e+02
1.847401977539062500e+03 4.016609191894531250e+02
