1.495285888671875000e+03 1.660967407226562500e+02
1.567696777343750000e+03 2.776934204101562500e+02
1.614615722656250000e+03 4.128094787597656250e+02
1.645767944335937500e+03 5.633394775390625000e+02
1.668965087890625000e+03 6.722793579101562500e+02
1.581835449218750000e+03 7.064528198242187500e+02
1.558795776367187500e+03 5.734172973632812500e+02
1.514824829101562500e+03 4.048408813476562500e+02
1.510520019531250000e+03 2.988537292480468750e+02
1.418163208007812500e+03 1.838935546875000000e+02
1.374961059570312500e+03 3.136716918945312500e+02
1.387267333984375000e+03 3.755222473144531250e+02
1.387313232421875000e+03 4.498575134277343750e+02
1.424779052734375000e+03 5.090349731445312500e+02
1.452611572265625000e+03 5.714687500000000000e+02
1.449127929687500000e+03 6.552702026367187500e+02
1.464575805664062500e+03 7.311701049804687500e+02
1.467227050781250000e+03 8.026397094726562500e+02
1.483467163085937500e+03 8.671448974609375000e+02
1.490531005859375000e+03 9.942978515625000000e+02
1.366644775390625000e+03 9.621303100585937500e+02
1.341571411132812500e+03 8.837083129882812500e+02
1.335113891601562500e+03 7.865503540039062500e+02
1.318120239257812500e+03 7.360054321289062500e+02
1.319748291015625000e+03 6.061693725585937500e+02
1.325857055664062500e+03 5.669335327148437500e+02
1.293947143554687500e+03 4.959621582031250000e+02
1.290045532226562500e+03 4.170035705566406250e+02
1.294774169921875000e+03 3.500027160644531250e+02
1.267826660156250000e+03 2.976069335937500000e+02
6.981300659179687500e+02 1.727017974853515625e+02
7.645062866210937500e+02 1.668172607421875000e+02
8.561616210937500000e+02 1.872697296142578125e+02
9.302733154296875000e+02 1.948346557617187500e+02
1.031925659179687500e+03 1.740064392089843750e+02
1.104798339843750000e+03 1.883354187011718750e+02
1.130549194335937500e+03 2.015151519775390625e+02
1.124436767578125000e+03 2.551245574951171875e+02
1.126801391601562500e+03 3.327256469726562500e+02
1.185699707031250000e+03 4.303884582519531250e+02
1.149803833007812500e+03 4.964190063476562500e+02
1.102496215820312500e+03 4.863467712402343750e+02
1.012708374023437500e+03 4.958275451660156250e+02
9.497966308593750000e+02 5.266550292968750000e+02
8.690538330078125000e+02 5.233906860351562500e+02
7.727449951171875000e+02 5.079812622070312500e+02
7.484723510742187500e+02 4.721801452636718750e+02
7.512125244140625000e+02 3.913751831054687500e+02
7.281665649414062500e+02 3.333128662109375000e+02
7.281066894531250000e+02 2.773677368164062500e+02
1.165437866210937500e+03 6.179579467773437500e+02
1.109870483398437500e+03 6.102028198242187500e+02
1.015764892578125000e+03 6.275587158203125000e+02
9.345274658203125000e+02 6.184802246093750000e+02
9.599921875000000000e+02 7.370070190429687500e+02
9.406209106445312500e+02 8.350376586914062500e+02
9.625067138671875000e+02 9.331399536132812500e+02
1.016813415527343750e+03 9.528251953125000000e+02
1.092064086914062500e+03 9.354117431640625000e+02
1.150760375976562500e+03 9.461279296875000000e+02
6.981260375976562500e+02 6.278236694335937500e+02
8.013666381835937500e+02 6.816795654296875000e+02
8.466127319335937500e+02 7.615694580078125000e+02
8.350136108398437500e+02 8.978263549804687500e+02
7.697786254882812500e+02 9.483130493164062500e+02
6.788917846679687500e+02 9.769138793945312500e+02
5.819878540039062500e+02 9.309602050781250000e+02
5.169241943359375000e+02 8.454459838867187500e+02
5.687478027343750000e+02 7.397859497070312500e+02
6.012431640625000000e+02 6.826322021484375000e+02
5.266209716796875000e+02 2.309450225830078125e+02
5.353760986328125000e+02 2.943482055664062500e+02
5.425456542968750000e+02 3.917410278320312500e+02
5.702664794921875000e+02 4.941749877929687500e+02
5.433433227539062500e+02 5.394533691406250000e+02
3.353879699707031250e+02 6.541832885742187500e+02
3.379318542480468750e+02 7.317965698242187500e+02
3.152036437988281250e+02 8.216187133789062500e+02
3.469819641113281250e+02 9.171696166992187500e+02
3.506707458496093750e+02 1.008198425292968750e+03
2.529850463867187500e+02 1.003482238769531250e+03
1.691264495849609375e+02 1.012621093750000000e+03
1.165764770507812500e+02 1.029862670898437500e+03
1.476225090026855469e+01 1.025402587890625000e+03
1.072899932861328125e+02 8.749226074218750000e+02
1.151659545898437500e+02 7.781666259765625000e+02
1.365595703125000000e+02 6.619595336914062500e+02
4.362812423706054688e+01 6.556058959960937500e+02
7.952194213867187500e+01 5.126118774414062500e+02
1.536806030273437500e+02 5.193935546875000000e+02
2.546634826660156250e+02 5.241560668945312500e+02
3.098249206542968750e+02 5.176295776367187500e+02
3.605495910644531250e+02 4.654686584472656250e+02
3.672312622070312500e+02 3.960574951171875000e+02
3.406946105957031250e+02 3.235096740722656250e+02
2.859247741699218750e+02 3.175101928710937500e+02
1.918512115478515625e+02 3.321327819824218750e+02
1.100155944824218750e+02 3.044283752441406250e+02
2.805256042480468750e+02 2.325453338623046875e+02
1.679306030273437500e+02 2.197222290039062500e+02
