3.195309937000274658e-01 2.030196905136108398e+00 4.660151004791259766e+00
2.600939869880676270e-01 2.062272071838378906e+00 4.641431808471679688e+00
1.710509955883026123e-01 2.092926025390625000e+00 4.627456188201904297e+00
1.162860020995140076e-01 2.151741027832031250e+00 4.566415786743164062e+00
4.351300001144409180e-02 2.190635919570922852e+00 4.521879196166992188e+00
-8.933000266551971436e-02 2.231959104537963867e+00 4.459755897521972656e+00
-1.161509975790977478e-01 2.144875049591064453e+00 4.550775051116943359e+00
-1.455499976873397827e-01 2.118325948715209961e+00 4.588259220123291016e+00
-1.819660067558288574e-01 2.010858058929443359e+00 4.652325153350830078e+00
-2.243539988994598389e-01 1.915519952774047852e+00 4.711996078491210938e+00
-2.137310057878494263e-01 1.819627046585083008e+00 4.756481170654296875e+00
-1.212430000305175781e-01 1.764327049255371094e+00 4.796864032745361328e+00
-4.495200142264366150e-02 1.749663949012756348e+00 4.809197902679443359e+00
5.460999906063079834e-02 1.679476022720336914e+00 4.828867912292480469e+00
1.538320034742355347e-01 1.634531021118164062e+00 4.848341941833496094e+00
2.286950051784515381e-01 1.770046949386596680e+00 4.803779125213623047e+00
2.944009900093078613e-01 1.907044053077697754e+00 4.746452808380126953e+00
1.582490056753158569e-01 1.873332023620605469e+00 4.753153800964355469e+00
6.265100091695785522e-02 1.945806980133056641e+00 4.719088077545166016e+00
-7.797999773174524307e-03 1.994398951530456543e+00 4.691067218780517578e+00
-4.486429989337921143e-01 1.522029995918273926e+00 4.815532207489013672e+00
-4.656920135021209717e-01 1.384891986846923828e+00 4.822636127471923828e+00
-4.990940093994140625e-01 1.333915948867797852e+00 4.811933994293212891e+00
-5.582039952278137207e-01 1.221804976463317871e+00 4.798731803894042969e+00
-5.659170150756835938e-01 1.113885045051574707e+00 4.787147998809814453e+00
-3.991439938545227051e-01 1.039662957191467285e+00 4.837495803833007812e+00
-3.808960020542144775e-01 1.164772987365722656e+00 4.853902816772460938e+00
-3.198390007019042969e-01 1.254220008850097656e+00 4.867914199829101562e+00
-2.628040015697479248e-01 1.378272056579589844e+00 4.875884056091308594e+00
-1.873819977045059204e-01 1.493512034416198730e+00 4.869620800018310547e+00
6.742960214614868164e-01 1.190114021301269531e+00 4.934719085693359375e+00
6.347849965095520020e-01 1.086246013641357422e+00 4.944869995117187500e+00
5.563200116157531738e-01 9.812210202217102051e-01 4.942993164062500000e+00
5.462160110473632812e-01 8.400170207023620605e-01 4.927681922912597656e+00
5.105630159378051758e-01 7.383970022201538086e-01 4.929812908172607422e+00
3.778310120105743408e-01 7.799760103225708008e-01 4.899805068969726562e+00
2.639369964599609375e-01 8.139979839324951172e-01 4.894669055938720703e+00
1.904270052909851074e-01 8.652169704437255859e-01 4.893075942993164062e+00
5.663900077342987061e-02 8.818960189819335938e-01 4.884447097778320312e+00
-1.111259981989860535e-01 9.733070135116577148e-01 4.882700920104980469e+00
-6.698600202798843384e-02 1.023437976837158203e+00 4.896316051483154297e+00
-1.083699986338615417e-02 1.162122964859008789e+00 4.919950008392333984e+00
3.397199884057044983e-02 1.222941040992736816e+00 4.930685997009277344e+00
8.949799835681915283e-02 1.347849965095520020e+00 4.925295829772949219e+00
1.260810047388076782e-01 1.426411032676696777e+00 4.908611774444580078e+00
2.081760019063949585e-01 1.420631051063537598e+00 4.906446933746337891e+00
2.937699854373931885e-01 1.347404956817626953e+00 4.923680782318115234e+00
4.110769927501678467e-01 1.288100957870483398e+00 4.930868148803710938e+00
3.199749886989593506e-01 1.146762967109680176e+00 4.940118789672851562e+00
2.802090048789978027e-01 1.075992941856384277e+00 4.946866989135742188e+00
7.128379940986633301e-01 1.346946001052856445e+00 4.899048805236816406e+00
6.420950293540954590e-01 1.409243941307067871e+00 4.886034011840820312e+00
5.124089717864990234e-01 1.470072984695434570e+00 4.889524936676025391e+00
4.194099903106689453e-01 1.520123004913330078e+00 4.880999088287353516e+00
3.466140031814575195e-01 1.533573031425476074e+00 4.877412796020507812e+00
3.813500106334686279e-01 1.670928001403808594e+00 4.831185817718505859e+00
4.172610044479370117e-01 1.732813000679016113e+00 4.801533222198486328e+00
4.388949871063232422e-01 1.845489978790283203e+00 4.758277893066406250e+00
5.244010090827941895e-01 1.999997019767761230e+00 4.639998912811279297e+00
6.242780089378356934e-01 1.903321981430053711e+00 4.684435844421386719e+00
7.314739823341369629e-01 1.839257955551147461e+00 4.707129001617431641e+00
8.462110161781311035e-01 1.801653027534484863e+00 4.710359096527099609e+00
9.938330054283142090e-01 1.746394991874694824e+00 4.716456890106201172e+00
8.713160157203674316e-01 1.638849020004272461e+00 4.782308101654052734e+00
8.636469841003417969e-01 1.523269057273864746e+00 4.825725078582763672e+00
8.143010139465332031e-01 1.431069016456604004e+00 4.865187168121337891e+00
8.027970194816589355e-01 1.678099989891052246e+00 4.770754814147949219e+00
6.701340079307556152e-01 1.709741950035095215e+00 4.773678779602050781e+00
5.660790205001831055e-01 1.747681975364685059e+00 4.775648117065429688e+00
5.237140059471130371e-01 1.640493988990783691e+00 4.830143928527832031e+00
1.173889994621276855e+00 1.666854977607727051e+00 4.724398136138916016e+00
1.145982027053833008e+00 1.571575999259948730e+00 4.777103900909423828e+00
1.110151052474975586e+00 1.485685944557189941e+00 4.822585105895996094e+00
1.042142987251281738e+00 1.321969032287597656e+00 4.875255107879638672e+00
1.011312961578369141e+00 1.230383038520812988e+00 4.902771949768066406e+00
1.164304971694946289e+00 1.028156995773315430e+00 4.921462059020996094e+00
1.270198941230773926e+00 9.010499715805053711e-01 4.919521808624267578e+00
1.286051034927368164e+00 7.717919945716857910e-01 4.911156177520751953e+00
1.219614028930664062e+00 6.287680268287658691e-01 4.889251232147216797e+00
1.098127961158752441e+00 5.807819962501525879e-01 4.909455776214599609e+00
9.165589809417724609e-01 5.913609862327575684e-01 4.902974128723144531e+00
8.448340296745300293e-01 6.937580108642578125e-01 4.930144786834716797e+00
7.966849803924560547e-01 8.180869817733764648e-01 4.953595161437988281e+00
9.313179850578308105e-01 9.500179886817932129e-01 4.948473930358886719e+00
1.005220055580139160e+00 1.007228016853332520e+00 4.948129177093505859e+00
1.785068035125732422e+00 1.508633971214294434e+00 4.553878784179687500e+00
1.656249046325683594e+00 1.559967041015625000e+00 4.563257217407226562e+00
1.569247961044311523e+00 1.606518983840942383e+00 4.587200164794921875e+00
1.447940945625305176e+00 1.664598941802978516e+00 4.594221115112304688e+00
1.417011022567749023e+00 1.493873000144958496e+00 4.720337867736816406e+00
1.382336020469665527e+00 1.415578007698059082e+00 4.755321025848388672e+00
1.376001954078674316e+00 1.321095943450927734e+00 4.803401947021484375e+00
1.323907017707824707e+00 1.212195038795471191e+00 4.839704036712646484e+00
1.335358977317810059e+00 1.150835037231445312e+00 4.847173213958740234e+00
1.480299949645996094e+00 1.117506980895996094e+00 4.831040859222412109e+00
1.430590987205505371e+00 9.271169900894165039e-01 4.869102954864501953e+00
1.447491049766540527e+00 7.853999733924865723e-01 4.880502223968505859e+00
1.372118949890136719e+00 6.253250241279602051e-01 4.874693870544433594e+00
1.348732948303222656e+00 4.852649867534637451e-01 4.848064899444580078e+00
1.574682950973510742e+00 1.077402949333190918e+00 4.817387104034423828e+00
