2.605578899383544922e+00 1.263221025466918945e+00 4.149056911468505859e+00
2.613861083984375000e+00 1.054914951324462891e+00 4.306540966033935547e+00
2.575176954269409180e+00 8.340190052986145020e-01 4.448431968688964844e+00
2.514930963516235352e+00 6.075649857521057129e-01 4.537823200225830078e+00
2.480793952941894531e+00 4.467200040817260742e-01 4.551567077636718750e+00
2.333041906356811523e+00 4.481830000877380371e-01 4.613402843475341797e+00
2.381663084030151367e+00 6.408100128173828125e-01 4.595110893249511719e+00
2.431687116622924805e+00 8.975399732589721680e-01 4.519579887390136719e+00
2.507210969924926758e+00 1.052284955978393555e+00 4.398542881011962891e+00
2.470274925231933594e+00 1.274402976036071777e+00 4.254612922668457031e+00
2.292555093765258789e+00 1.099889993667602539e+00 4.528812885284423828e+00
2.265825033187866211e+00 1.005560994148254395e+00 4.579911231994628906e+00
2.215728044509887695e+00 9.020969867706298828e-01 4.629038810729980469e+00
2.230376958847045898e+00 8.006929755210876465e-01 4.641973018646240234e+00
2.228785037994384766e+00 7.001410126686096191e-01 4.664002895355224609e+00
2.171999931335449219e+00 5.887110233306884766e-01 4.691386222839355469e+00
2.149377107620239258e+00 4.786800146102905273e-01 4.690497875213623047e+00
2.111684083938598633e+00 3.817760050296783447e-01 4.692811965942382812e+00
2.097903013229370117e+00 2.869040071964263916e-01 4.683181762695312500e+00
2.039603948593139648e+00 1.139909997582435608e-01 4.646263122558593750e+00
1.881008982658386230e+00 2.252939939498901367e-01 4.731791973114013672e+00
1.888164043426513672e+00 3.426159918308258057e-01 4.763085842132568359e+00
1.933408975601196289e+00 4.747189879417419434e-01 4.772946834564208984e+00
1.939628005027770996e+00 5.512959957122802734e-01 4.771306991577148438e+00
2.018750905990600586e+00 7.240930199623107910e-01 4.747495174407958984e+00
2.051672935485839844e+00 7.739009857177734375e-01 4.729879856109619141e+00
2.052869081497192383e+00 8.880119919776916504e-01 4.704126834869384766e+00
2.097754001617431641e+00 9.983569979667663574e-01 4.668273925781250000e+00
2.149369955062866211e+00 1.089261054992675781e+00 4.620213031768798828e+00
2.147231101989746094e+00 1.177400946617126465e+00 4.590745925903320312e+00
1.447940945625305176e+00 1.664598941802978516e+00 4.594221115112304688e+00
1.542819976806640625e+00 1.637720942497253418e+00 4.574532985687255859e+00
1.656249046325683594e+00 1.559967041015625000e+00 4.563257217407226562e+00
1.752307057380676270e+00 1.508291006088256836e+00 4.563013076782226562e+00
1.907309055328369141e+00 1.483719944953918457e+00 4.521132946014404297e+00
1.996827006340026855e+00 1.422266006469726562e+00 4.531916141510009766e+00
2.023314952850341797e+00 1.389217972755432129e+00 4.538999080657958984e+00
1.974349975585937500e+00 1.313330054283142090e+00 4.614019870758056641e+00
1.925534963607788086e+00 1.202492952346801758e+00 4.672759056091308594e+00
1.942280054092407227e+00 1.034803986549377441e+00 4.724921226501464844e+00
1.852944016456604004e+00 9.645509719848632812e-01 4.754438877105712891e+00
1.793519973754882812e+00 1.003172039985656738e+00 4.770615100860595703e+00
1.664733052253723145e+00 1.037986040115356445e+00 4.803761005401611328e+00
1.561450004577636719e+00 1.030240058898925781e+00 4.825819015502929688e+00
1.454236984252929688e+00 1.077582001686096191e+00 4.846302032470703125e+00
1.335358977317810059e+00 1.150835037231445312e+00 4.847173213958740234e+00
1.323907017707824707e+00 1.212195038795471191e+00 4.839704036712646484e+00
1.376001954078674316e+00 1.321095943450927734e+00 4.803401947021484375e+00
1.382336020469665527e+00 1.415578007698059082e+00 4.755321025848388672e+00
1.417011022567749023e+00 1.493873000144958496e+00 4.720337867736816406e+00
1.798516035079956055e+00 7.910789847373962402e-01 4.807936191558837891e+00
1.727534055709838867e+00 8.314210176467895508e-01 4.820613861083984375e+00
1.590106964111328125e+00 8.589360117912292480e-01 4.846411228179931641e+00
1.486502051353454590e+00 9.149860143661499023e-01 4.858036994934082031e+00
1.451614022254943848e+00 7.433300018310546875e-01 4.881773948669433594e+00
1.372118949890136719e+00 6.253250241279602051e-01 4.874693870544433594e+00
1.348732948303222656e+00 4.852649867534637451e-01 4.848064899444580078e+00
1.411991953849792480e+00 4.302090108394622803e-01 4.820045948028564453e+00
1.521751999855041504e+00 4.116390049457550049e-01 4.814974784851074219e+00
1.594418048858642578e+00 3.652139902114868164e-01 4.805850028991699219e+00
1.164304971694946289e+00 1.028156995773315430e+00 4.921462059020996094e+00
1.270198941230773926e+00 9.010499715805053711e-01 4.919521808624267578e+00
1.286051034927368164e+00 7.717919945716857910e-01 4.911156177520751953e+00
1.197322010993957520e+00 6.004430055618286133e-01 4.886509895324707031e+00
1.082358956336975098e+00 5.693299770355224609e-01 4.906163215637207031e+00
9.479470252990722656e-01 5.819079875946044922e-01 4.901264190673828125e+00
8.448340296745300293e-01 6.937580108642578125e-01 4.930144786834716797e+00
8.051090240478515625e-01 8.393250107765197754e-01 4.961098194122314453e+00
9.313179850578308105e-01 9.500179886817932129e-01 4.948473930358886719e+00
1.005220055580139160e+00 1.007228016853332520e+00 4.948129177093505859e+00
1.173889994621276855e+00 1.666854977607727051e+00 4.724398136138916016e+00
1.145982027053833008e+00 1.571575999259948730e+00 4.777103900909423828e+00
1.096647024154663086e+00 1.431933999061584473e+00 4.838078022003173828e+00
1.073186039924621582e+00 1.277178049087524414e+00 4.881947994232177734e+00
1.011312961578369141e+00 1.230383038520812988e+00 4.902771949768066406e+00
6.742960214614868164e-01 1.190114021301269531e+00 4.934719085693359375e+00
6.347849965095520020e-01 1.086246013641357422e+00 4.944869995117187500e+00
5.563200116157531738e-01 9.812210202217102051e-01 4.942993164062500000e+00
5.462160110473632812e-01 8.400170207023620605e-01 4.927681922912597656e+00
5.011979937553405762e-01 7.187849879264831543e-01 4.936637878417968750e+00
3.778310120105743408e-01 7.799760103225708008e-01 4.899805068969726562e+00
2.639369964599609375e-01 8.139979839324951172e-01 4.894669055938720703e+00
1.864300072193145752e-01 8.205389976501464844e-01 4.886511802673339844e+00
5.663900077342987061e-02 8.818960189819335938e-01 4.884447097778320312e+00
2.574769854545593262e-01 1.024963974952697754e+00 4.935042858123779297e+00
3.199749886989593506e-01 1.146762967109680176e+00 4.940118789672851562e+00
4.110769927501678467e-01 1.288100957870483398e+00 4.930868148803710938e+00
2.937699854373931885e-01 1.347404956817626953e+00 4.923680782318115234e+00
4.194099903106689453e-01 1.520123004913330078e+00 4.880999088287353516e+00
5.124089717864990234e-01 1.470072984695434570e+00 4.889524936676025391e+00
6.420950293540954590e-01 1.409243941307067871e+00 4.886034011840820312e+00
7.177230119705200195e-01 1.387398958206176758e+00 4.890869140625000000e+00
8.143010139465332031e-01 1.431069016456604004e+00 4.865187168121337891e+00
8.636469841003417969e-01 1.523269057273864746e+00 4.825725078582763672e+00
8.713160157203674316e-01 1.638849020004272461e+00 4.782308101654052734e+00
8.027970194816589355e-01 1.678099989891052246e+00 4.770754814147949219e+00
6.701340079307556152e-01 1.709741950035095215e+00 4.773678779602050781e+00
5.780150294303894043e-01 1.793468952178955078e+00 4.756227016448974609e+00
8.462110161781311035e-01 1.801653027534484863e+00 4.710359096527099609e+00
7.053769826889038086e-01 1.885164022445678711e+00 4.673820972442626953e+00
